gid	name	X	Y
1	李坝村	34950.331000	31424.955000
2	李坝村	34792.164000	31356.744000
3	山观安息堂	34507.267000	31539.137000
4	耶稣堂	34760.673000	31615.296000
5	寿山采石场	34533.451000	31770.832000
6	冯家村	34964.576000	31954.304000
7	冯家村	34742.102000	31991.996000
8	粮饲有限公司	34239.681000	31121.487000
9	市友联金属制品公司	34107.088000	31199.402000
10	有限公司	34173.388000	31198.520000
11	市定山食品	34172.290000	31203.117000
12	市方正织造有限公司	34108.289000	31306.218000
13	孙家村	34018.666000	31363.826000
14	江阴春发特种	34239.837000	31125.662000
15	费家村	34018.387000	31418.187000
16	市华南机械毛毯公司	34131.319000	31771.006000
17	寿山采石场	34352.232000	31934.985000
18	山观安息堂	34472.980000	31527.343000
19	寿山村林场	34356.777000	31544.645000
20	寿山采石场	34347.840000	32012.381000
21	20031771	33524.577173	31412.540000
22	20031770	33526.574992	31307.038000
23	堆煤场	33906.855000	31094.652000
24	新经小学	33511.047000	31471.067000
25	心经砖瓦厂	33899.432000	31148.096000
26	孙家村	33717.429000	31465.074000
27	20031967	33523.056194	31560.087000
28	20031840	33603.663439	31959.262889
29	20031328	33507.480062	31994.624000
30	费家村桥	33895.061000	31633.900000
31	20031840	33604.666873	32043.191990
32	市荣仁电源有限公司	35635.418000	31397.408000
33	张岐山村	35574.599000	31413.955000
34	道士村	35629.793000	31022.014000
35	张岐庵	35674.355000	31294.075000
36	市光阳纺织包装公司	35778.294000	31588.075000
37	市山观神龙呢绒厂	35746.479000	31684.020000
38	山城村	35891.843000	31669.895000
39	张岐山村	35754.878000	31760.773000
40	市洪达呢绒厂	35620.106000	31505.211000
41	张岐山村	35703.203000	31917.959000
42	北沙桥	35889.334000	31890.438000
43	张岐山小学	35823.632000	31683.464000
44	洪流村卫生所	35651.062000	31701.243000
45	山城村	35965.372000	31940.509000
46	东盛汽流纺厂	35995.530999	32026.574000
47	张岐山村	35683.189000	32020.016000
48	张岐山	35482.491000	31359.489000
49	成庄坝	35321.690000	31073.288000
50	成庄坝	35119.831000	31081.851000
51	李坝村	35180.852000	31299.642000
52	洪流鹿场	35228.850000	31485.394000
53	张岐山村	35432.368000	31867.834000
54	洪流桥	35161.049000	31787.143000
55	东山汽流纺织厂	35085.365000	31841.408000
56	周家村	35072.741000	31770.021000
57	周家村	35465.247000	31758.378000
58	周家村	35301.405000	31853.646000
59	周家村	35281.115000	31773.074000
60	南庄	36958.949000	31414.011000
61	南庄	36944.437000	31163.445000
62	南庄采石场	36714.812000	31640.510000
63	南庄	36962.586000	31554.976000
64	北山采石场	36532.409000	31810.952000
65	占文稷山林场	36640.119000	31961.808000
66	有限公司江阴分公司	36714.481000	32021.853000
67	武进市立华畜禽	36714.481000	32025.171000
68	洪流村建筑材料厂	36199.874000	31360.322000
69	洪流采石厂	36435.373000	31415.792000
70	山城村	36119.693000	31417.488000
71	山城桥	36019.170000	31578.023000
72	江阴兴华毛纺厂	36204.841000	31891.577000
73	北山采石场	36391.997000	31836.291000
74	山城村	36131.938000	31875.383000
75	山城村	36157.224000	31658.350000
76	山城村	36056.955000	31543.118000
77	织布厂	36140.579000	32022.443000
78	北山洪流	36138.196000	32026.366000
79	东盛汽流纺厂	36031.229999	32032.973000
80	太平桥	39037.112567	31216.272000
81	河东村	39006.380000	31196.899000
82	金湾里	39038.219000	31048.081000
83	预制板厂	39128.288000	31126.519000
84	青鱼塘	38156.970000	31049.557000
85	河东村	38652.834000	31168.628000
86	金湾里	38934.933000	31107.618000
87	王家村	38434.226000	31243.785000
88	庄家巷	38079.800000	31451.663000
89	顾家村	38348.572000	31382.612000
90	周庄勇恒重型机械厂	38481.592000	31116.915000
91	协顺纺织公司	38148.628000	31185.242000
92	创鑫纺织公司	38033.855000	31291.649000
93	英润纺织公司	38142.814000	31295.572000
94	科威塑业公司	38299.016000	31124.918000
95	周庄镇顾家桥实业总公	38789.408000	31260.490000
96	周庄特种化纤色织厂	38853.213000	31228.592000
97	顾家桥	38061.494410	31703.284000
98	南庄	37176.370000	31492.740000
99	南庄	37034.081000	31175.246000
100	蒋巷上	37415.065000	31187.836000
101	南庄	37039.781000	31614.154000
102	青龙大桥	37324.418363	31983.276000
103	蒋巷上	37606.039000	31009.095000
104	大金家巷	37742.603000	31140.065000
105	朝东村	37873.331000	31013.770000
106	朝东村	37900.584000	31120.386000
107	朝东村	37850.352000	31288.232000
108	小金家巷	37540.493000	31577.191000
109	庄家巷	37950.061000	31628.551000
110	张家港市占文雪羽养殖	37274.898000	31808.038000
111	顾家桥加油站	37809.448000	31417.033000
112	雪龙纺织公司	37858.557000	31402.180000
113	东林电灌站	37646.281000	31145.290000
114	凯达布业公司	37595.096000	31097.029000
115	东林社区	37923.041000	31504.132000
116	云亭轧石厂七工段	32487.214000	30109.688000
117	云亭轧石厂六工段	32408.911000	30226.172000
118	姚家村	32645.971000	30989.011000
119	鼓风机水泵厂	32509.346000	30814.480000
120	云亭采石场二工段	32535.967000	30408.811000
121	云亭轧石厂七工段	32532.869000	30128.140000
122	心经苗圃	34299.785000	30948.089000
123	现代园林建设有限公司	34158.569999	30973.398000
124	殷家湾	34794.184000	30912.402000
125	殷家湾	34590.721000	30610.493000
126	朝阳大桥	34958.708000	30927.970000
127	市东方管件厂	34965.427000	30275.692000
128	市勤丰布厂	34967.774000	30422.590000
129	市东宇纺织有限公司	34941.989000	30330.200000
130	食堂	34984.152000	30401.632000
131	罗汉殿	34994.668000	30103.852000
132	天王殿	34978.123906	30136.845668
133	礼敬禅寺	34961.453000	30129.346000
134	放生池	34946.934896	30106.988361
135	观音亭	34974.388501	30095.243261
136	钟亭	34925.733840	30089.663871
137	三圣殿	34946.297555	30145.699191
138	办公楼	35002.935000	30412.111000
139	朝阳河	34836.724632	30754.943512
140	田家住基	42399.360000	30033.916000
141	八丈泾	40105.143000	30083.250000
142	墩北巷	40304.125000	30100.290000
143	蒋巷上	40798.763000	30190.005000
144	下沙里	40692.531000	30416.121000
145	路口桥	40277.757000	30683.165000
146	路口桥砖厂	40091.632000	30672.650000
147	不锈钢材料厂	40096.704000	30578.004000
148	港东机械厂	40007.190000	30231.800000
149	东海锻造机械厂	40065.533000	30275.935000
150	东海服装材料有限公司	40009.615000	30321.212000
151	坝头村	33374.303000	30060.506000
152	心经轧石厂	33810.514000	30751.441000
153	坝头村	33507.269000	30023.450000
154	山茶场	33611.696000	30014.841000
155	山庄上	33388.354708	30981.444908
156	朝阳小学	35428.151000	30736.028000
157	朝阳村委会	35158.110000	30681.210000
158	薛家村	35442.047000	30566.413000
159	成庄坝	35377.235000	30963.776000
160	朝阳村卫生所W	35164.826000	30724.265000
161	市东方管件厂	35122.518000	30647.896000
162	市金安纺织品有限公司	35071.407000	30646.210000
163	市申达色织厂	35225.767000	30669.363000
164	市富阳织布厂	35378.696000	30691.281000
165	朝阳林场	35088.629000	30137.801000
166	朝阳茶场	35090.424000	30104.436000
167	土堆	35298.966000	30228.831000
168	朝阳新村	35161.819000	30329.838000
169	章家湾	35475.608000	30027.905000
170	山观朝阳砖厂	35228.790000	30319.864000
171	市勤丰布厂	35002.956000	30428.937000
172	道士村	35555.059000	30967.899000
173	孟家村	35841.132000	30589.460000
174	武进市立华禽畜稷山有	35991.415999	30069.832000
175	章家湾	35516.359000	30105.006000
176	狄家村	35780.865000	30362.995000
177	姚塘经河	35623.620250	30411.768000
178	姚塘经河	35549.132440	30648.256739
179	朝阳河	35280.305025	30602.592150
180	朝阳河	35256.376414	30843.124271
181	朝阳河	37024.268000	30085.092000
182	陈家巷	37159.168000	30194.186000
183	仲家巷	37732.804000	30157.673000
184	陆家巷	37522.214000	30286.589000
185	小住基	37581.920000	30586.156000
186	杜家巷	37356.688000	30591.200000
187	蒋巷上	37451.200000	30942.377000
188	青鱼塘	37881.088000	30894.183000
189	朝东村	37866.704000	30969.803000
190	德凯工艺鞋业	37518.152000	30484.598000
191	东林电灌南站	37531.631000	30005.875000
192	光辉纺织公司	37839.249000	30033.491000
193	东林小学	37467.258000	30798.421000
194	富恒布业公司	37513.802000	30850.588000
195	龙宇模塑制品公司	37942.160000	30858.914000
196	祥苑布业	37697.693000	30550.000000
197	金裕纺织公司	37850.711000	30827.482000
198	光华橡塑制品公司	37798.758000	30787.558000
199	林兴不锈钢制品公司	37818.464000	30711.955000
200	光华纺织公司	37751.999000	30704.604000

